type	lambda_mu	lambda_sigma	odr_length	p_mu	p_sd	p_min	p_max	p_max_min	spread	r_mu	r_sd	r_kt	r_acf	abs_r_acf	trd_sum	trd_mu	trd_ll_sum	trd_lh_sum	trd_hh_sum	depth_buy_mu	depth_buy_min	depth_buy_q1	depth_buy_q2	depth_buy_q3	depth_buy_max	depth_sell_mu	depth_sell_min	depth_sell_q1	depth_sell_q2	depth_sell_q3	depth_sell_max	pos_r_max	neg_r_max	hft_asset_mu	hft_asset_sd	hft_freq_mu	hft_s_mean	hft_s_sd	hft_s_min	hft_s_max	hft_pos_s_mu	hft_neg_s_mu	lft_bodr_vol_sum	lft_sodr_vol_sum	lft_p_mean	lft_p_stdev	lft_p_min	lft_p_max	lft_p_max_min
ST	NA	NA	0	99.56369652	3.106518753	92.521	107.77675	1.55E+01	1.500878737	-8.14E-07	0.01338641	2.041356312	-0.435794274	0.331893072	34967.5	5.701941478	34967.5	0	0	1503.5	428	1098.5	1485.5	1939.5	2487	1491.5	361.5	1111	1496.5	1906	2547	0.058049016	0.058714629	NA	NA	NA	NA	NA	NA	NA	NA	NA	45332.5	45562	99.52977964	4.325384391	83.2915	118.8865	35.11475
SMM	0.1	0	0	99.57703446	2.839749355	93.7315	105.91675	1.30E+01	0.668131681	-1.64E-06	0.003566164	12.58383059	-0.409432669	0.403588261	43490.5	4.673281705	20138	23334	33.5	2334.5	406.5	1708	2325.5	3029.5	3969	2456.5	487.5	1689.5	2519.5	3150	4192	0.030917782	0.031800033	224.9753688	208.2579114	0.1	1.775	38.43935868	-112	115	32.42206127	-31.76773865	45239.5	45825	99.54140968	4.177445693	83.65875	117.53475	33.80275
SMM	0.2	0	0	99.57288627	2.80911269	93.99815	105.70265	1.23E+01	0.460902446	-5.50E-07	0.001648983	34.83535933	-0.296599993	0.322184965	45447	4.653339239	16249	28979.5	183	2667	426.5	1877	2753.5	3427	4468	2796	455.5	1951	2819.5	3512	4787	0.02204575	0.021151979	-514.5980807	190.9785252	0.2	3.4425	59.63673666	-165	162	51.15132514	-50.17596488	45500	45947	99.5423354	4.173546114	84.37325	118.06075	33.65425
SMM	0.3	0	0	99.60810051	2.814622691	93.98075	105.3544	1.21E+01	0.422324536	-5.77E-07	0.001144587	65.52935926	-0.156598781	0.185646966	45866.5	4.677192385	15257	30140	376	2679	474	1900	2729	3430.5	4436	2730.5	509.5	1902	2822	3593	4692	0.017621286	0.018570973	-814.7202094	180.4382683	0.3	1.397	66.82134317	-172	181	57.92231628	-56.54126871	45274	45663	99.54891307	4.200849959	83.51625	117.7575	34.3195
SMM	0.4	0	0	99.56858636	2.864373805	94.21785	105.4639	1.24E+01	0.413145377	-6.58E-07	0.001010842	80.37707877	-0.057470907	0.096647717	46322	4.748504966	15299.5	30430	567.5	2641	512	1864.5	2747	3529.5	4555.5	2784	479.5	2041.5	2825	3577	4665.5	0.018049304	0.018242978	-847.7458861	174.6139683	0.4	2.8025	70.83356025	-184	187	60.62980599	-61.32588668	45458	45396	99.53642252	4.215139099	83.81175	118.28875	35.02425
SMM	0.5	0	0	99.58920488	2.823654361	94.37955	105.2133	1.15E+01	0.318763307	-5.67E-07	0.000731328	105.3038892	-0.019631024	0.06337659	47770	4.684655273	13354	33266	1231	2858	523.5	2034.5	2945.5	3665	4715.5	2906.5	463.5	2117	2963	3753	4872	0.014177869	0.013801946	-1443.609651	161.0154406	0.5	4.5915	78.66204552	-196.5	201	68.59194258	-65.95447483	45323	45305.5	99.54374686	4.169231416	84.42825	116.86325	32.72675
SMM	0.6	0	0	99.60032568	2.828596732	94.22865	105.3473	1.23E+01	0.464665991	-1.14E-06	0.001218119	73.1257749	-0.026616789	0.053109883	46051	4.842106004	16284.5	28815.5	884	2559	446	1797	2633.5	3294.5	4457.5	2674	492	1947	2730.5	3430.5	4554	0.020931485	0.019799947	-728.2877144	173.8178584	0.6	2.174	63.67931555	-170.5	169.5	56.046873	-54.44058472	45134	45724.5	99.58835779	4.188345255	83.431	118.62975	35.46325
SMM	0.7	0	0	99.63229275	2.858012548	94.0403	105.3233	1.18E+01	0.39790824	-7.76E-07	0.000978313	93.85257221	-0.024001821	0.05088277	47334	4.807440026	15117.5	30824	1319.5	2651.5	482	1919	2697	3486	4699.5	2778.5	456	1963	2842	3546	4417	0.018556783	0.017613507	-1026.152646	164.4651856	0.7	4.312	69.79828352	-180	185	58.97969092	-60.81995093	45637	46050.5	99.57908659	4.202885319	84.346	118.7615	33.9515
SMM	0.8	0	0	99.61153619	2.795827915	9.43E+01	105.07425	1.18E+01	0.332137177	-6.00E-07	0.000796016	105.7924766	-0.01867001	0.04569612	49028.5	4.753823225	13754	32767.5	2445.5	2751	428.5	1985.5	2807	3628	4757.5	2799.5	448.5	2057.5	2835	3645.5	4738	0.015024269	0.015478672	-1395.455646	160.4433094	0.8	1.5315	77.92699462	-196.5	198.5	67.83024413	-67.8820143	45675	45602.5	99.59956759	4.201191578	84.2485	118.2595	33.28
SMM	0.9	0	0	99.59740204	2.835188105	9.47E+01	105.01935	12.04725	0.286896044	-8.16E-07	0.000711623	130.3570561	-0.004351793	0.038512128	50722.5	4.724737757	12899.5	34174	3579	2868	463	2005	2876.5	3629	4773	2885.5	492	2056	3009.5	3707	4881.5	0.015471471	0.015303803	-1727.640077	151.794195	0.9	2.0975	79.79090792	-198	199.5	69.15127572	-70.62678434	45696.5	45695	99.55472847	4.192756418	84.353	117.70025	33.84125
SMM	1	0	0	99.58267879	2.833385072	9.45E+01	105.4925	11.98535	0.258173186	-5.70E-07	0.000621959	130.3594721	-0.001170828	0.040781523	53053.5	4.697011184	12048.5	35663.5	5282	2883.5	440.5	2038.5	2924	3764	4821.5	2954	476	2086.5	3012.5	3817.5	4879.5	0.012840638	0.012377958	-1883.575862	140.2170752	1	5.687	85.88375078	-210.5	206	75.04906544	-76.34765043	45083.5	45564.5	99.53780284	4.215674383	83.356	118.498	34.5515
																																																	
																																																	
PMM	0.1	0	0	99.56474325	2.828171136	93.522	106.49725	13.30285	0.736005751	-1.42E-06	0.00404438	11.52260974	-0.402463095	0.396684174	42581	4.690670359	21831	20741	15	2158	473.5	1622	2212	2865.5	3842	2393	470.5	1671	2502	3057	3851.5	0.033661074	0.033432889	190.1878015	125.5479327	0.1	-2.7175	21.66003065	-74	71	17.5150826	-17.4340217	45089	45719	99.57381931	4.250828019	83.609	117.25375	34.607
PMM	0.2	0	0	99.56670411	2.820009022	93.89625	105.8135	12.37675	0.535972386	-8.19E-07	0.002043638	30.11097214	-0.278891808	0.298653525	44534	4.67026317	18603	25752	144.5	2376	531.5	1748	2421.5	3094.5	4170.5	2482.5	536.5	1749.5	2595	3209.5	4137.5	0.025461386	0.025497441	-166.2647446	95.51546832	0.2	-3.2865	25.16163551	-77.5	77	20.61404621	-20.90008256	45411.5	45973	99.54120147	4.198377943	83.787	118.3315	34.62175
PMM	0.3	0	0	99.55273373	2.856430067	93.7505	105.60465	12.21535	0.511300422	-1.19E-06	0.001567951	47.92694859	-0.141095949	0.166283485	44967	4.736760844	18260	26396.5	299	2444.5	549	1808.5	2471	3152	4155	2567	508	1785.5	2585.5	3311.5	4330	0.022307478	0.024223026	-260.9813015	83.78070297	0.3	-3.8745	24.45430343	-73	71	20.50630739	-20.71584463	45223	45862	99.5505939	4.226899423	84.51475	118.25325	33.379
PMM	0.4	0	0	99.55613398	2.830321403	93.77925	105.7574	12.4775	0.534909518	-4.81E-07	0.001532736	56.93190109	-0.063551159	0.08477918	44971.5	4.819572623	18777	25718	318.5	2362.5	479.5	1752.5	2414	3035	4062	2495.5	492.5	1825.5	2520	3232	4240.5	0.024032143	0.023492768	-240.4322668	80.16533317	0.4	-4.7235	22.43597	-67	66.5	18.82007795	-18.40487945	45619	46131	99.57763065	4.182445172	84.5475	118.01975	34.48025
PMM	0.5	0	0	99.51980462	2.814762627	93.9784	105.58315	12.114	0.40456923	-1.30E-06	0.001067046	77.27338024	-0.031025002	0.05877223	47942.5	4.69686451	16090	30175	1574	2511.5	441.5	1834.5	2553	3245.5	4304	2632	495	1928.5	2661	3307	4511	0.018657606	0.018179605	-532.2651752	69.46726436	0.5	-2.149	26.52036427	-69	68	23.29065014	-22.45827929	45489.5	45927.5	99.53804006	4.215175712	84.349	118.5265	34.48075
PMM	0.6	0	0	99.57181168	2.876144539	93.68665	105.91875	12.63925	0.670513251	-6.20E-07	0.00204342	42.22759466	-0.037064871	0.041766349	43384	4.955172996	20907	22367	151.5	2228	509	1570.5	2310.5	2928	3755.5	2291	506.5	1662.5	2283.5	2865.5	3979	0.027406354	0.028137199	-69.37452871	80.4808604	0.6	-6.2725	16.31700272	-56	54	13.25040494	-14.9826732	45106.5	45646.5	99.56911007	4.219041165	83.98575	118.57175	34.31925
PMM	0.7	0	0	99.5480296	2.85610812	93.7099	105.51825	12.33905	0.571083037	-1.06E-06	0.001660068	54.26027744	-0.027310717	0.039056784	44777.5	4.895244495	19355	24814.5	507.5	2347.5	462.5	1693	2402	2981.5	3910	2452.5	586	1717	2459	3116.5	4078.5	0.025780612	0.024226678	-182.321953	75.44544752	0.7	-5.6705	18.61562704	-58.5	54	15.12943592	-16.31659903	44983	45746.5	99.54020299	4.248133235	83.85375	118.323	34.29125
PMM	0.8	0	0	99.55303445	2.833389837	93.9998	105.85965	12.1934	0.471926909	-4.57E-07	0.001321305	65.37858851	-0.018446829	0.033420852	47296.5	4.800860705	17303.5	28144	1699.5	2397	514	1771	2403	3121.5	4119	2507.5	523.5	1828	2629	3231.5	4220	0.022427979	0.021383612	-352.2258446	71.51204158	0.8	-4.189	21.98151389	-61	58	18.80744327	-19.52466349	45235	45477.5	99.55614679	4.200133952	84.21375	119.38625	34.8145
PMM	0.9	0	0	99.57525629	2.854713616	93.92425	105.84415	11.85865	0.426834537	-4.66E-07	0.001126536	73.94562057	-0.015791885	0.040339734	49482	4.743159582	16141.5	30208.5	3127	2536.5	506.5	1888.5	2536	3132	4352	2586	546	1889	2722	3427.5	4351.5	0.018924824	0.018997848	-436.7530856	63.46013119	0.9	-4.254	23.63742726	-60	59	20.61424535	-20.4920068	45367	45915.5	99.57567619	4.22845982	84.3475	118.1905	33.66925
PMM	1	0	0	99.52100147	2.838765606	94.08165	105.457	11.8875	0.363187104	-1.16E-06	0.000946358	82.8821728	-0.011451178	0.03166901	53976.5	4.661023464	14531	33035.5	6561	2537.5	529	1889.5	2606.5	3266	4321.5	2678.5	529.5	1885.5	2794.5	3456	4472	0.016176471	0.01709348	-556.2640817	58.15899703	1	-2.5155	25.92969354	-62	61	22.80211569	-23.0552163	45319.5	45828	99.52832406	4.205567146	83.35925	118.4125	35.8225
